{
  "advancedEditorSelectedIdentifier" : "ProjectBrowser",
  "openSceneRelativePaths" : [
    "BoardScene.usda"
  ],
  "recentIdentifiers" : {
    "C8B65322-25B3-40C5-B1A3-84A5F9948A1F" : [

    ]
  },
  "sceneCameraHistory" : {
    "1D572CEB-057A-41C3-B575-04C37501A3C0" : [
      {
        "date" : 746261985.071781,
        "title" : "Untitled",
        "transform" : [
          1,
          0,
          0,
          0,
          0,
          0.7071069,
          -0.70710677,
          0,
          0,
          0.70710677,
          0.7071069,
          0,
          0.09298463,
          2.0603976,
          1.597183,
          1
        ]
      }
    ],
    "C8B65322-25B3-40C5-B1A3-84A5F9948A1F" : [
      {
        "date" : 746262290.2652,
        "title" : "Untitled",
        "transform" : [
          0.99864084,
          -1.251524e-09,
          -0.052120265,
          0,
          -0.032004472,
          0.78926677,
          -0.61321574,
          0,
          0.041136783,
          0.6140504,
          0.78819394,
          0,
          -0.056163207,
          0.5679057,
          0.6558431,
          1
        ]
      },
      {
        "date" : 746262276.807454,
        "title" : "Untitled",
        "transform" : [
          0.99820036,
          -1.221472e-09,
          -0.059965808,
          0,
          -0.035477094,
          0.8062155,
          -0.5905572,
          0,
          0.048345365,
          0.59162194,
          0.8047646,
          0,
          -0.050066147,
          0.5493533,
          0.67194176,
          1
        ]
      },
      {
        "date" : 746262205.181894,
        "title" : "Untitled",
        "transform" : [
          0.9997274,
          -1.6375664e-09,
          0.023344535,
          0,
          0.011620906,
          0.8672918,
          -0.4976644,
          0,
          -0.020246528,
          0.4978001,
          0.8670554,
          0,
          -0.10716861,
          0.47127548,
          0.722645,
          1
        ]
      },
      {
        "date" : 746262168.811187,
        "title" : "Untitled",
        "transform" : [
          0.9997274,
          -1.6375664e-09,
          0.023344535,
          0,
          0.011620906,
          0.8672918,
          -0.4976644,
          0,
          -0.020246528,
          0.4978001,
          0.8670554,
          0,
          -0.082440674,
          0.39653563,
          0.8557977,
          1
        ]
      },
      {
        "date" : 746262135.258753,
        "title" : "Untitled",
        "transform" : [
          0.99977946,
          -1.5038782e-09,
          0.020998335,
          0,
          0.013037003,
          0.78392214,
          -0.62072223,
          0,
          -0.016461061,
          0.62085915,
          0.7837492,
          0,
          -0.07899892,
          0.5192603,
          0.78775287,
          1
        ]
      },
      {
        "date" : 746262119.26136,
        "title" : "Untitled",
        "transform" : [
          0.99977946,
          -1.5038782e-09,
          0.020998335,
          0,
          0.013037003,
          0.78392214,
          -0.62072223,
          0,
          -0.016461061,
          0.62085915,
          0.7837492,
          0,
          -0.10894305,
          0.43710572,
          0.9001939,
          1
        ]
      },
      {
        "date" : 746262110.54158,
        "title" : "Untitled",
        "transform" : [
          0.99993414,
          -1.3421129e-09,
          0.0114762485,
          0,
          0.009781855,
          0.52296036,
          -0.8523008,
          0,
          -0.0060016257,
          0.85235703,
          0.5229259,
          0,
          -0.08506223,
          0.6077877,
          0.530014,
          1
        ]
      },
      {
        "date" : 746262100.916144,
        "title" : "Untitled",
        "transform" : [
          0.99774235,
          -3.711993e-10,
          -0.06715812,
          0,
          -0.032043155,
          0.8788328,
          -0.47605285,
          0,
          0.059020754,
          0.47713006,
          0.8768487,
          0,
          0.35704663,
          0.55340856,
          0.99760544,
          1
        ]
      },
      {
        "date" : 746262089.710413,
        "title" : "Untitled",
        "transform" : [
          1,
          0,
          0,
          0,
          0,
          0.7071069,
          -0.70710677,
          0,
          0,
          0.70710677,
          0.7071069,
          0,
          0,
          1.0431398,
          1.0431403,
          1
        ]
      }
    ]
  },
  "sceneViewportBackgroundColors" : {

  },
  "selectedSceneRelativePath" : "BoardScene.usda"
}